T1
x = [2020, 2021, 2021.9583308166943, 2024.041662825481, 2026.083328829874, 2030.0416596465686, 2035.0416564676561, 2040.1249852975302, 2045.083319293137, 2049.916645738827]
y = [452.02914273932373, 525.8301638324531, 807.1955889992997, 959.409227253169, 1060.8856312562225, 1231.5498766927235, 1388.3763426969256, 1545.2029846558023, 1738.929961206569, 1978.7821360538555]

T2
x = [2020, 2021, 2021.9583308166943, 2024.041662825481, 2026.083328829874, 2030.0416596465686, 2035.0416564676561, 2040.0833224720493, 2045.083319293137, 2049.9583149221326]
y = [452.02914273932373, 525.8301638324531, 807.1955889992997, 959.409227253169, 1060.8856312562225, 1231.5498766927235, 1388.3763426969256, 1503.6899982682542, 1623.6163056352405, 1775.8302957984592]

T3
x = [2020, 2021, 2021.9583308166943, 2024.041662825481, 2026.083328829874, 2030.0416596465686, 2035.0416564676561, 2040.0416532887439, 2045.0416501098314, 2050.041646930919]
y = [452.02914273932373, 525.8301638324531, 807.1955889992997, 959.409227253169, 1060.8856312562225, 1231.5498766927235, 1388.3763426969256, 1494.464870631613, 1605.1660503619582, 1734.3173094109113]

T4
x = [2020, 2021, 2021.9583308166943, 2024.041662825481, 2026.083328829874, 2030.0416596465686, 2035.0416564676561, 2040.1666544808359, 2045.0416501098314, 2049.999984105438]
y = [452.02914273932373, 525.8301638324531, 807.1955889992997, 959.409227253169, 1060.8856312562225, 1231.5498766927235, 1388.3763426969256, 1476.0147913130052, 1517.5276017458784, 1535.9778570191606]

T5
x = [2020, 2021, 2021.9583308166943, 2024.041662825481, 2026.083328829874, 2030.0416596465686, 2035.0416564676561, 2040.0416532887439, 2045.0416501098314, 2049.999984105438]
y = [452.02914273932373, 525.8301638324531, 807.1955889992997, 959.409227253169, 1060.8856312562225, 1231.5498766927235, 1388.3763426969256, 1429.8893290844737, 1351.4760081050354, 1291.5129423988794]