Crop oils
2031; 1,3596796239898439
2032; 1,3596796239898439
2033; 2,6690007433874605
2034; 3,978321862785077
2035; 3,978321862785077
2036; 5,287642982182693
2037; 6,596964101580309
2038; 6,596964101580309
2039; 9,215606340375544
2040; 9,215606340375544
2041; 9,215606340375544
2042; 9,215606340375544
2043; 10,524927459773158
2044; 10,524927459773158
2045; 10,524927459773158
2046; 10,524927459773158
2047; 10,524927459773158
2048; 10,524927459773158
2049; 10,524927459773158
2050; 10,524927459773158

Crop ethanol
2028; 1,3596796239898439
2029; 2,014335824598439
2030; 2,618642238795233
2031; 2,6690007433874605
2032; 5,237284477590465
2033; 6,5465855966780835
2034; 9,165247835783315
2035; 11,78389017457855
2036; 14,402532293373777
2037; 15,711853412771398
2038; 20,949137910361862
2039; 20,949137910361862
2040; 23,567780149157093
2041; 26,186422387952328
2042; 28,805064626747562
2043; 31,423706865542797
2044; 32,733027984940415
2045; 35,35167022373565
2046; 37,97031246253088
2047; 39,27963358192849
2048; 40,588954701326106
2049; 40,588954701326106
2050; 40,588954701326106

Waste oils/CC
2026; 1,3596796239898439
2027; 3,978321862785077
2028; 6,546605596988082
2029; 9,819912754572335
2030; 11,783890074196545
2031; 17,021174552169013
2032; 20,949137910361854
2033; 23,567780149157093
2034; 27,495743507349935
2035; 32,73301878286141
2036; 36,66098993091651
2037; 39,27963261198655
2038; 40,58895373138417
2039; 44,516918059518955
2040; 47,13534030831419
2041; 48,444303806639156
2042; 48,444885247347425
2043; 48,44488142771182
2044; 48,444909402452214
2045; 48,444881417712756
2046; 48,444881597313686
2047; 48,444480100619885
2048; 48,134601799660306
2049; 47,134601799660306
2050; 47,134601799660306

Agr residues/CDL
2030; 2,618642238795232
2031; 2,618642238795246
2032; 3,9281013509354724
2033; 6,546385745780175
2034; 7,855926716385994
2035; 10,474569076683545
2036; 13,092734850299213
2037; 18,33044536855127
2038; 22,258513426244176
2039; 26,186481377472283
2040; 32,733327985060185
2041; 39,27963361193849
2042; 48,444878563063226
2043; 52,372670575103035
2044; 56,30080813283473
2045; 58,91945037162996
2046; 61,53809261042519
2047; 65,46605596861803
2048; 68,08469820741327
2049; 69,39401932681088
2050; 69,39401932681088


Woody biomass/CDL
2029; 0,9998150127009835
2030; 2,6190745521690095
2031; 5,237284477590464
2032; 6,546605596988075
2033; 9,16524783578331
2034; 13,093248705362294
2035; 15,711853432771395
2036; 19,639816790964244
2037; 24,87710126855471
2038; 30,11417577614519
2039; 36,66099134313326
2040; 41,89827582072371
2041; 45,82623917891658
2042; 49,75420253710941
2043; 52,37284477590464
2044; 56,300808134097495
2045; 60,22877149229033
2046; 61,53809261168795
2047; 61,538093682665014
2048; 62,84741480206263
2049; 61,53809261168795
2050; 61,53809261168795

MSW
2030; 1,3093293374034246
2031; 2,6186147487852664
2032; 2,6186421888952325
2033; 3,9280092769627075
2034; 5,237422387956325
2035; 7,855612231427115
2036; 10,474178936144175
2037; 12,973811487526345
2038; 17,021400158424645
2039; 20,949507610328238
2040; 24,877591049878122
2041; 30,11438574614519
2042; 32,732701052492945
2043; 35,351149196669595
2044; 37,970328596561975
2045; 39,279535309308845
2046; 44,517404091091925
2047; 45,82641019060455
2048; 48,44488542771177
2049; 48,44488542771177
2050; 48,44488542771177

Industrial waste gas
2029; 1,3092378903619218
2030; 2,6185649130891265
2031; 2,6186572514662245
2032; 3,927963409193856
2033; 3,927963409193785
2034; 5,237283528591401
2035; 5,237066126748055
2036; 6,546475175698045
2037; 7,855713206613255
2038; 9,165032325972324
2039; 7,855971678638571
2040; 7,856034094663564
2041; 9,165274840932407
2042; 9,165253728180322
2043; 9,165864584862045
2044; 9,165269668680331
2045; 8,674146459903977
2046; 7,856078887559761
2047; 8,165296019774145
2048; 7,85608264859367
2049; 9,147901912400312
2050; 9,148172412930312

PtL
2031; 2,6184048635015755
2032; 3,2733952359138805
2033; 3,9288676122002274
2034; 3,9282634429539775
2035; 5,235340631399728
2036; 6,547062553009145
2037; 9,165049464992125
2038; 10,474535435593725
2039; 14,402258914656178
2040; 18,330548392172645
2041; 22,258838369689107
2042; 27,495775451691863
2043; 39,27963358193845
2044; 52,372845712966465
2045; 65,466057844013645
2046; 77,24991597426024
2047; 91,65247810782316
2048; 106,05504024138607
2049; 124,38371189016687
2050; 141,4047646738428
