Crop oils
2031; 1,7986025246571296
2032; 3,0718578370762573
2033; 4,345113149495385
2034; 4,345113149495385
2035; 5,618368461914513
2036; 6,89162377433364
2037; 6,89162377433364
2038; 9,438134399171895
2039; 9,438134399171895
2040; 10,711389711591025
2041; 10,711389711591025
2042; 11,98464502401015
2043; 11,98464502401015
2044; 11,98464502401015
2045; 11,98464502401015
2046; 11,98464502401015
2047; 11,98464502401015
2048; 11,98464502401015
2049; 11,98464502401015
2050; 11,98464502401015

Crop ethanol
2030; 4,345113149495385
2031; 3,819765937257383
2032; 5,093021249676511
2033; 6,36627656209564
2034; 8,912787186933893
2035; 11,45929781177215
2036; 12,732553124191275
2037; 16,55231806144866
2038; 17,825574373867783
2039; 21,64534031112517
2040; 24,191850935963425
2041; 26,738361560801675
2042; 28,01161687322081
2043; 30,55812749805906
2044; 33,10463812289732
2045; 35,651148747735575
2046; 38,19765937257382
2047; 39,470914685992954
2048; 39,470914685992954
2049; 39,470914685992954
2050; 39,470914685992954

Waste oils/CC
2025; 1,7986025246571296
2026; 1,7986025246571296
2027; 5,618368461914513
2028; 8,53883313684333
2029; 10,186042499353021
2030; 10,711389711591025
2031; 12,732553124191277
2032; 17,825574373867786
2033; 21,645340311125165
2034; 26,738361560801682
2035; 29,284872185639927
2036; 35,651148747735575
2037; 36,9244040601547
2038; 39,470914685992962
2039; 42,017425309831215
2040; 44,56393593466945
2041; 45,8371912470886
2042; 48,38370186922685
2043; 49,65695718434597
2044; 49,65695718434596
2045; 49,656957184345975
2046; 48,38370187192686
2047; 48,383701871926856
2048; 48,383701871926856
2049; 48,383701871926856
2050; 48,383701871926856

Agr residues/CDL
2031; 3,81976593725738
2032; 3,819765937257383
2033; 5,09302124967651
2034; 7,639531874514765
2035; 11,459297811772156
2036; 12,73255312419128
2037; 16,55231906144867
2038; 19,09882968628691
2039; 24,19185093596342
2040; 26,73836156080169
2041; 33,10463812289731
2042; 39,47091468589295
2043; 44,56393593466948
2044; 50,93021249676511
2045; 54,74997843402248
2046; 57,29648905886073
2047; 59,84299968369899
2048; 63,66276562115638
2049; 66,20927624579462
2050; 68,75578687063287

Woody biomass/CDL
2029; 2,546510624838253
2030; 3,819765937257384
2031; 5,093021249676509
2032; 6,365276562095643
2033; 8,91278718693389
2034; 11,459297811772145
2035; 14,005808436610404
2036; 17,82557437386778
2037; 22,91859562354429
2038; 28,01161687322082
2039; 31,83138271047818
2040; 38,19765937257384
2041; 43,29068062225034
2042; 45,8371912470886
2043; 49,65695718434594
2044; 52,20346781218426
2045; 54,74997840202249
2046; 57,29648905886074
2047; 59,84299968369895
2048; 61,11625499611813
2049; 61,11625499611812
2050; 61,11625499611813

MSW
2032; 2,546510624838254
2033; 3,81976593725738
2034; 5,09302124967651
2035; 7,63953187451475
2036; 8,91278718693388
2037; 11,45929781174213
2038; 15,27906374902951
2039; 17,8255743738678
2040; 20,37208499830604
2041; 24,1918509359634
2042; 28,01161687322081
2043; 31,8313828104782
2044; 33,10463812279727
2045; 34,37789343531643
2046; 38,19765937257381
2047; 40,74416962541215
2048; 42,01742530983119
2049; 44,5649369346695
2050; 45,83719124708858

Industrial waste gas
2029; 2,546510624838246
2030; 2,546510624838246
2031; 2,546510624838246
2032; 2,546510624838246
2033; 3,81976593725739
2034; 3,81976593725739
2035; 5,09302124967652
2036; 7,63953187451477
2037; 7,63953187451476
2038; 7,63953187451478
2039; 8,91278718693388
2040; 8,91278718693389
2041; 8,91278718693391
2042; 8,91278718693389
2043; 8,9127871869339
2044; 8,91278718693391
2045; 8,9127871869339
2046; 8,91278718693394
2047; 8,91278718693385
2048; 8,18604249935304
2049; 8,9127871869339
2050; 8,91278718693396

PtL
2032; 2,54651062483826
2033; 2,546510624838255
2034; 5,09202124967651
2035; 5,09302124967652
2036; 5,09302124967652
2037; 7,63953187451479
2038; 10,18604249935302
2039; 12,73255312419127
2040; 15,27906374902952
2041; 17,8255743738678
2042; 21,64534031112518
2043; 26,73836156080166
2044; 34,37789343531645
2045; 45,8371912468886
2046; 56,02323374644158
2047; 66,2092762457946
2048; 76,3953187451477
2049; 90,401127181758
2050; 100,58716968111103
