T0
2023,9677354180449; 956,5765294738949
2025,3545812708353; 1039,7642550995474
2026,8180287571136; 1126,9888026500373
2028,3090884601138; 1208,4399901658785
2029,786342054753; 1285,6083793060882
2031,263595649392; 1359,795645128266
2032,7546553523925; 1429,3880390594256
2034,2457150553928; 1501,0089108405966
2035,736774758393; 1573,6440215467733
2037,2278344613933; 1646,2011138741036
2038,7188941643938; 1718,8362245802803
2040,209953867394; 1799,1171364134225
2041,673401353672; 1887,0438493735319
2043,1506549483113; 1972,78194149547
2044,6104692481786; 2061,1808709591232
2046,0739167344566; 2153,9837325971444
2047,545599443266; 2254,042303467898
2049,0504652546274; 2365,6119288633313
2050,108933562313; 2415,9413064902556

T1
2023,5402492396145; 912,0283214801764
2025,0150307314618; 986,4137449153072
2026,4875114721522; 1054,484098373788
2027,9783982221009; 1117,3362439584503
2029,4865406057297; 1179,358928142274
2030,9877807358864; 1230,1897246922479
2032,4959231195153; 1277,393087932922
2033,979907615992; 1318,1710459558335
2035,509598498265; 1361,0400388430705
2037,0238013971375; 1398,8612846804988
2038,5112370203503; 1447,9552587141416
2040,029732784187; 1506,679780348638
2041,5344240410798; 1562,0571239049245
2043,0241359393738; 1615,712046940896
2044,4562801065822; 1675,1764087997378
2045,8524738131537; 1734,7149210964167
2047,264736684747; 1803,0055761382519
2048,640475628738; 1874,9946376212201
2049,9307653081023; 1946,4663844583429

T2
2023,5402492396145; 912,0283214801764
2025,0150307314618; 986,4137449153072
2026,4875114721522; 1054,484098373788
2027,9783982221009; 1117,3362439584503
2029,4865406057297; 1179,358928142274
2030,9877807358864; 1230,1897246922479
2032,4959231195153; 1277,393087932922
2033,979907615992; 1318,1710459558335
2035,509598498265; 1361,0400388430705
2037,0238013971375; 1398,8612846804988
2038,5112370203503; 1433,0912937217518
2040,029732784187; 1469,5198678676634
2041,5344240410798; 1510,03324643156
2043,0241359393738; 1546,34687697641
2044,4562801065822; 1585,9926188453987
2045,8524738131537; 1630,6671661496878
2047,264736684747; 1679,1392012016697
2048,640475628738; 1728,8323151960533
2049,9307653081023; 1795,3494070357126

T3
2023,5402492396145; 912,0283214801764
2025,0150307314618; 986,4137449153072
2026,4875114721522; 1054,484098373788
2027,9783982221009; 1117,3362439584503
2029,4865406057297; 1179,358928142274
2030,9877807358864; 1230,1897246922479
2032,4959231195153; 1277,393087932922
2033,979907615992; 1318,1710459558335
2035,509598498265; 1361,0400388430705
2037,0238013971375; 1398,8612846804988
2038,5112370203503; 1428,1366387242883
2040,029732784187; 1459,6105578727368
2041,5344240410798; 1490,2146264417067
2043,0241359393738; 1519,0962744903618
2044,4562801065822; 1551,3100338631557
2045,8524738131537; 1583,5979436737864
2047,264736684747; 1619,6833412321103
2048,640475628738; 1659,4671452315672
2049,9307653081023; 1703,6882895826418

T4
2023,5402492396145; 912,0283214801764
2025,0150307314618; 986,4137449153072
2026,4875114721522; 1054,484098373788
2027,9783982221009; 1117,3362439584503
2029,4865406057297; 1179,358928142274
2030,9877807358864; 1230,1897246922479
2032,4959231195153; 1277,393087932922
2033,979907615992; 1318,1710459558335
2035,509598498265; 1361,0400388430705
2037,0238013971375; 1388,9519746855724
2038,5112370203503; 1415,7500012306302
2040,029732784187; 1434,8372828854203
2041,5344240410798; 1450,5773864620005
2043,0241359393738; 1459,6404145208023
2044,4562801065822; 1474,5128814024747
2045,8524738131537; 1479,5501887270573
2047,264736684747; 1493,3396387967964
2048,640475628738; 1500,918185312742
2049,9307653081023; 1515,4113996790368
