High
2021.7051263083038; 6.011488693330836
2022.8850697046203; 8.455386604768744
2024.329179532948; 9.768581755062456
2025.7732893612756; 10.514036247564519
2027.2173991896032; 11.233541374821247
2028.6615090179307; 11.96326897929584
2030.1056188462585; 12.683560450953948
2031.549728674586; 13.393629445394204
2032.9938385029136; 14.091903273813855
2034.4379483312412; 14.795681513043125
2035.882058159569; 15.509682229490242
2037.3261679878965; 16.255923066393677
2038.770277816224; 17.034404023753424
2040.2143876445516; 17.866356400406566
2041.6584974728794; 18.750207507550364
2043.102607301207; 19.650571847123
2044.5467171295345; 20.602834917186286
2045.990826957862; 21.60306499573335
2047.4349367861898; 22.65519380477107
2048.8790466145174; 23.760007688700814
2050.3055453473776; 24.73158513377658

Central
2020.806960439466; 3.5446658181913477
2022.1630147904566; 6.606690917139687
2023.519069141447; 8.43651433913578
2024.9631789697746; 9.364400732756486
2026.4072887981024; 10.170403744164304
2027.85139862643; 10.910353825856749
2029.2955084547575; 11.612559376283272
2030.739618283085; 12.280952117450731
2032.1837281114128; 12.921036460168743
2033.6278379397404; 13.54382122605654
2035.071947768068; 14.16110158113472
2036.5160575963955; 14.78310000262114
2037.9601674247233; 15.423184345339163
2039.4042772530509; 16.085286331295634
2040.8483870813784; 16.832313512600443
2042.292496909706; 17.577768005102502
2043.7366067380337; 18.343667452040272
2045.1807165663613; 19.15438852985633
2046.6248263946889; 20.008358549747932
2048.0689362230164; 20.897714067701337
2049.513046051344; 21.846045415757757
2050.6225450657907; 22.25524341389038

Low
2020.9478492032051; 3.077577243775501
2022.391959031533; 4.453679946179097
2023.8360688598605; 5.38313902860255
2025.280178688188; 6.279571646168318
2026.7242885165158; 7.2011672845780375
2028.1683983448434; 8.09445452453831
2029.612508173171; 8.877653548306302
2031.0566180014985; 9.5421145674669
2032.5007278298262; 10.098846403639318
2033.9448376581538; 10.565148633653795
2035.3889474864814; 10.95753448993916
2036.833057314809; 11.300380648938003
2038.2771671431367; 11.610200343079143
2039.7212769714642; 11.918447348417555
2041.1653867997918; 12.448443474943282
2042.6094966281194; 12.821957065595683
2044.0536064564471; 13.208052166670065
2045.4977162847747; 13.630319110207623
2046.9418261131023; 14.084826174201499
2048.38593594143; 14.56292357023657
2049.8300457697574; 15.051210090501456
2050.781044924998; 15.200828423588145